45 2 13 61 84 29 68 38 92 61 35 29 87 67 82 59 76 75 37 66 71 40 42
46 72 41 48 7 85 32 34 68 39 80 24 76 34 57 22 72 91 74 59 96 70 81
33 9 86 86 24 38 2 71 67 75 69 90 44 86 61 90 50 76 52 56 88 77 42
30 64 77 86 76 40 33 94 45 18 32 32 15 96 46 33 89 81 79 32 36 36 24
71 99 80 16 13 89 79 14 76 6 65 45 91 30 2 10 26 62 80 56 77 53 91
37 14 90 76 82 16 32 15 11 88 15 59 82 7 58 70 15 75 75 100 96 56 24
77 42 41 68 88 91 52 2 71 33 2 2 3 44 46 22 27 72 44 86 53 46 28
75 56 43 59 59 62 23 66 98 1 36 45 21 27 16 1 96 3 77 95 6 63 2
16 93 13 71 57 33 66 82 81 55 66 3 19 9 26 86 17 37 58 51 9 38 16
97 94 78 18 5 90 32 76 7 49 97 56 60 18 62 38 99 95 67 60 62 100 100
59 76 42 97 37 34 50 26 38 40 40 27 9 89 68 75 48 58 44 32 89 54 6
54 2 24 70 96 49 98 44 81 35 21 2 30 10 35 16 62 46 61 23 15 34 96
30 53 97 26 59 34 59 17 65 73 85 41 96 83 68 35 43 62 42 55 33 63 85
30 66 87 14 93 3 77 65 82 84 30 53 1 91 71 26 32 21 96 87 89 4 77
9 12 32 49 49 79 37 45 81 14 100 2 86 56 25 98 80 83 68 76 18 6 2
77 46 100 58 44 87 37 39 59 93 33 27 54 75 44 36 99 42 1 35 99 30 3
34 85 37 7 30 41 23 1 44 82 36 90 81 26 74 79 50 3 76 81 70 83 24
100 91 10 50 75 99 66 99 21 70 51 15 34 36 56 82 82 99 41 2 22 43 38
28 72 60 85 40 88 1 24 78 18 84 7 10 79 25 33 66 100 27 81 50 44 42
78 73 98 91 75 26 63 52 73 96 24 96 71 80 4 76 76 43 36 37 19 16 63
36 24 4 31 81 32 6 34 30 75 39 35 1 50 63 53 31 38 65 85 72 60 9
77 41 43 31 100 93 81 50 14 14 79 88 20 28 87 33 14 86 64 87 43 34 85
35 67 50 20 34 75 48 75 82 65 93 94 15 90 60 81 49 36 65 34 99 96 62