42 60 6 62 24 78 40 55 95 25 74 81 73 48 39 22 53 65 56 4 84 85 85
46 5 57 94 39 97 79 54 28 69 78 28 87 67 72 58 24 57 10 37 78 34 95
28 57 82 85 8 100 82 85 59 87 31 33 83 82 7 91 12 47 89 27 14 63 13
99 50 44 5 26 96 60 22 40 32 6 75 12 51 43 59 14 90 8 12 21 7 37
62 96 33 11 26 99 53 49 61 43 21 14 17 37 97 74 13 34 85 15 50 78 41
53 62 33 18 76 60 23 11 14 3 69 3 56 38 89 30 92 89 74 61 9 19 17
49 73 25 81 6 22 95 16 80 55 15 39 45 62 90 69 8 48 22 21 2 64 7
35 26 36 20 30 8 9 36 47 59 24 62 9 11 20 30 32 29 73 27 51 73 20
91 35 4 22 24 78 84 56 48 72 92 11 11 66 62 75 25 58 47 79 74 94 53
54 86 12 9 74 76 23 53 71 19 3 23 52 2 17 99 46 84 97 69 99 6 27
36 54 2 12 70 1 68 20 86 97 88 53 6 45 31 41 50 61 12 17 11 81 51
15 26 87 25 40 73 68 80 57 78 94 58 34 55 60 16 53 39 6 22 55 67 27
13 20 84 6 13 6 69 88 25 57 28 23 30 43 87 49 89 61 25 29 64 84 85
28 15 1 69 44 11 41 85 61 36 84 28 59 5 57 88 75 21 90 85 88 18 79
17 56 56 82 66 44 97 82 29 79 89 6 5 21 18 61 62 41 93 3 85 16 76
23 67 41 39 76 9 31 11 8 66 1 38 85 82 58 65 85 75 17 60 80 79 58
6 76 10 42 87 32 85 24 44 13 88 40 73 23 5 46 58 65 28 67 38 77 15
89 57 40 18 37 33 95 77 93 65 33 86 89 47 47 15 35 57 98 71 36 21 1
16 27 75 88 58 12 24 64 52 14 5 19 90 56 2 75 91 10 81 54 67 21 3
13 39 75 53 20 35 15 89 78 99 26 18 38 68 55 70 62 44 70 24 65 61 76
42 90 16 98 22 7 59 21 26 20 84 71 90 28 68 60 40 45 73 49 91 12 14
84 37 75 50 10 43 27 59 5 98 18 49 43 84 42 6 64 56 62 18 86 74 60
26 45 27 38 67 70 52 61 22 2 92 84 79 51 70 64 47 18 86 24 81 77 33
